Regions:
  Default:
    x_min: -2
    x_max: 1
    y_min: -1.5
    y_max: 1.5
    max_iter: 100
  Seahorse Valley:
    x_min: -0.7530
    x_max: -0.7490
    y_min: 0.0990
    y_max: 0.1030
    max_iter: 1000
  Elephant Valley:
    x_min: 0.175
    x_max: 0.375
    y_min: -0.1
    y_max: 0.1
    max_iter: 500
  Deep Seahorse Spiral:
    x_min: -0.7487667139
    x_max: -0.7487667078 
    y_min: 0.1236408449
    y_max: 0.1236408510
    max_iter: 2000